316 | 323
323 | 338
338 | 363
363 | 400
400 | 427
427 | 439
439 | 433
433 | 432
432 | 437
437 | 452
452 | 457
457 | 463
463 | 463
463 | 468
468 | 458
458 | 446
446 | 434
434 | 436
436 | 445
445 | 455
455 | 483
483 | 500
500 | 518
518 | 514
514 | 549
549 | 584
584 | 629
629 | 643
643 | 657
657 | 664
664 | 671
671 | 666
666 | 676
676 | 685
685 | 705
705 | 710
710 | 714
714 | 724
724 | 743
743 | 766
766 | 799
799 | 826
826 | 849
849 | 856
856 | 860
860 | 865
865 | 876
876 | 901
901 | 929
929 | 930
930 | 929
929 | 922
922 | 938
938 | 939
939 | 934
934 | 908
908 | 887
887 | 878
878 | 889
889 | 898
898 | 935
935 | 972
972 | 1009
1009 | 1014
1014 | 1026
1026 | 1038
1038 | 1050
1050 | 1074
1074 | 1103
1103 | 1135
1135 | 1147
1147 | 1180
1180 | 1216
1216 | 1256
1256 | 1265
1265 | 1264
1264 | 1259
1259 | 1256
1256 | 1266
1266 | 1284
1284 | 1312
1312 | 1332
1332 | 1345
1345 | 1352
1352 | 1366
1366 | 1391
1391 | 1418
1418 | 1435
1435 | 1446
1446 | 1463
1463 | 1489
1489 | 1531
1531 | 1565
1565 | 1593
1593 | 1604
1604 | 1610
1610 | 1611
1611 | 1616
1616 | 1625
1625 | 1640
1640 | 1645
1645 | 1656
1656 | 1669
1669 | 1689
1689 | 1712
1712 | 1736
1736 | 1772
1772 | 1802
1802 | 1827
1827 | 1830
1830 | 1832
1832 | 1844
1844 | 1878
1878 | 1929
1929 | 1993
1993 | 2036
2036 | 2066
2066 | 2073
2073 | 2087
2087 | 2095
2095 | 2108
2108 | 2117
2117 | 2139
2139 | 2156
2156 | 2178
2178 | 2225
2225 | 2276
2276 | 2332
2332 | 2350
2350 | 2380
2380 | 2412
2412 | 2452
2452 | 2476
2476 | 2492
2492 | 2500
2500 | 2504
2504 | 2503
2503 | 2504
2504 | 2510
2510 | 2555
2555 | 2599
2599 | 2647
2647 | 2659
2659 | 2686
2686 | 2708
2708 | 2725
2725 | 2746
2746 | 2767
2767 | 2798
2798 | 2809
2809 | 2813
2813 | 2769
2769 | 2727
2727 | 2696
2696 | 2705
2705 | 2715
2715 | 2724
2724 | 2738
2738 | 2750
2750 | 2759
2759 | 2792
2792 | 2818
2818 | 2855
2855 | 2866
2866 | 2884
2884 | 2891
2891 | 2898
2898 | 2904
2904 | 2917
2917 | 2930
2930 | 2946
2946 | 2956
2956 | 2963
2963 | 2962
2962 | 2960
2960 | 2978
2978 | 3007
3007 | 3033
3033 | 3032
3032 | 3025
3025 | 3022
3022 | 3045
3045 | 3069
3069 | 3086
3086 | 3091
3091 | 3113
3113 | 3141
3141 | 3171
3171 | 3203
3203 | 3241
3241 | 3267
3267 | 3274
3274 | 3284
3284 | 3300
3300 | 3333
3333 | 3368
3368 | 3411
3411 | 3434
3434 | 3452
3452 | 3474
3474 | 3499
3499 | 3496
3496 | 3472
3472 | 3451
3451 | 3458
3458 | 3474
3474 | 3469
3469 | 3463
3463 | 3454
3454 | 3483
3483 | 3518
3518 | 3565
3565 | 3562
3562 | 3551
3551 | 3528
3528 | 3540
3540 | 3565
3565 | 3596
3596 | 3622
3622 | 3635
3635 | 3666
3666 | 3667
3667 | 3661
3661 | 3634
3634 | 3634
3634 | 3647
3647 | 3657
3657 | 3669
3669 | 3698
3698 | 3746
3746 | 3799
3799 | 3832
3832 | 3847
3847 | 3857
3857 | 3863
3863 | 3874
3874 | 3885
3885 | 3887
3887 | 3883
3883 | 3880
3880 | 3882
3882 | 3891
3891 | 3894
3894 | 3886
3886 | 3875
3875 | 3869
3869 | 3877
3877 | 3881
3881 | 3897
3897 | 3912
3912 | 3924
3924 | 3924
3924 | 3935
3935 | 3977
3977 | 4019
4019 | 4053
4053 | 4067
4067 | 4069
4069 | 4068
4068 | 4059
4059 | 4067
4067 | 4075
4075 | 4078
4078 | 4084
4084 | 4090
4090 | 4101
4101 | 4104
4104 | 4112
4112 | 4120
4120 | 4134
4134 | 4140
4140 | 4146
4146 | 4146
4146 | 4149
4149 | 4161
4161 | 4173
4173 | 4193
4193 | 4204
4204 | 4228
4228 | 4245
4245 | 4273
4273 | 4304
4304 | 4326
4326 | 4338
4338 | 4348
4348 | 4379
4379 | 4404
4404 | 4416
4416 | 4417
4417 | 4432
4432 | 4450
4450 | 4464
4464 | 4469
4469 | 4470
4470 | 4476
4476 | 4482
4482 | 4492
4492 | 4533
4533 | 4575
4575 | 4613
4613 | 4626
4626 | 4664
4664 | 4703
4703 | 4737
4737 | 4770
4770 | 4804
4804 | 4834
4834 | 4839
4839 | 4834
4834 | 4829
4829 | 4824
4824 | 4819
4819 | 4825
4825 | 4832
4832 | 4860
4860 | 4894
4894 | 4928
4928 | 4951
4951 | 4957
4957 | 4973
4973 | 4988
4988 | 5010
5010 | 5027
5027 | 5068
5068 | 5103
5103 | 5132
5132 | 5136
5136 | 5137
5137 | 5141
5141 | 5145
5145 | 5151
5151 | 5152
5152 | 5153
5153 | 5155
5155 | 5161
5161 | 5169
5169 | 5181
5181 | 5180
5180 | 5174
5174 | 5174
5174 | 5198
5198 | 5236
5236 | 5269
5269 | 5292
5292 | 5308
5308 | 5333
5333 | 5355
5355 | 5373
5373 | 5390
5390 | 5414
5414 | 5453
5453 | 5478
5478 | 5519
5519 | 5545
5545 | 5574
5574 | 5576
5576 | 5553
5553 | 5509
5509 | 5488
5488 | 5505
5505 | 5538
5538 | 5562
5562 | 5573
5573 | 5583
5583 | 5581
5581 | 5592
5592 | 5606
5606 | 5623
5623 | 5627
5627 | 5640
5640 | 5653
5653 | 5691
5691 | 5724
5724 | 5757
5757 | 5767
5767 | 5771
5771 | 5782
5782 | 5791
5791 | 5802
5802 | 5805
5805 | 5816
5816 | 5827
5827 | 5836
5836 | 5840
5840 | 5847
5847 | 5862
5862 | 5872
5872 | 5885
5885 | 5895
5895 | 5913
5913 | 5936
5936 | 5958
5958 | 5990
5990 | 6029
6029 | 6077
6077 | 6107
6107 | 6116
6116 | 6116
6116 | 6121
6121 | 6165
6165 | 6210
6210 | 6248
6248 | 6254
6254 | 6257
6257 | 6273
6273 | 6305
6305 | 6344
6344 | 6389
6389 | 6394
6394 | 6392
6392 | 6376
6376 | 6389
6389 | 6434
6434 | 6479
6479 | 6515
6515 | 6519
6519 | 6522
6522 | 6528
6528 | 6528
6528 | 6529
6529 | 6527
6527 | 6531
6531 | 6548
6548 | 6565
6565 | 6582
6582 | 6587
6587 | 6588
6588 | 6591
6591 | 6592
6592 | 6588
6588 | 6583
6583 | 6589
6589 | 6619
6619 | 6648
6648 | 6638
6638 | 6613
6613 | 6597
6597 | 6613
6613 | 6636
6636 | 6650
6650 | 6660
6660 | 6665
6665 | 6664
6664 | 6643
6643 | 6639
6639 | 6645
6645 | 6669
6669 | 6674
6674 | 6675
6675 | 6688
6688 | 6701
6701 | 6728
6728 | 6746
6746 | 6776
6776 | 6797
6797 | 6836
6836 | 6863
6863 | 6887
6887 | 6914
6914 | 6942
6942 | 6948
6948 | 6942
6942 | 6932
6932 | 6937
6937 | 6930
6930 | 6927
6927 | 6947
6947 | 6972
6972 | 7002
7002 | 7010
7010 | 7013
7013 | 7008
7008 | 7016
7016 | 7026
7026 | 7049
7049 | 7069
7069 | 7089
7089 | 7096
7096 | 7100
7100 | 7102
7102 | 7098
7098 | 7091
7091 | 7110
7110 | 7127
7127 | 7149
7149 | 7155
7155 | 7169
7169 | 7178
7178 | 7161
7161 | 7173
7173 | 7203
7203 | 7246
7246 | 7264
7264 | 7266
7266 | 7274
7274 | 7280
7280 | 7288
7288 | 7299
7299 | 7306
7306 | 7318
7318 | 7331
7331 | 7355
7355 | 7371
7371 | 7382
7382 | 7386
7386 | 7383
7383 | 7382
7382 | 7388
7388 | 7400
7400 | 7444
7444 | 7507
7507 | 7570
7570 | 7599
7599 | 7604
7604 | 7609
7609 | 7614
7614 | 7618
7618 | 7612
7612 | 7604
7604 | 7608
7608 | 7622
7622 | 7645
7645 | 7671
7671 | 7703
7703 | 7718
7718 | 7732
7732 | 7750
7750 | 7783
7783 | 7798
7798 | 7803
7803 | 7803
7803 | 7814
7814 | 7826
7826 | 7839
7839 | 7846
7846 | 7847
7847 | 7853
7853 | 7858
7858 | 7871
7871 | 7900
7900 | 7937
7937 | 7975
7975 | 7991
7991 | 7998
7998 | 8005
8005 | 8026
8026 | 8023
8023 | 8007
8007 | 7974
7974 | 7966
7966 | 7959
7959 | 7974
7974 | 7990
7990 | 8017
8017 | 8025
8025 | 8026
8026 | 8024
8024 | 8027
8027 | 8036
8036 | 8045
8045 | 8055
8055 | 8064
8064 | 8073
8073 | 8062
8062 | 8057
8057 | 8052
8052 | 8078
8078 | 8089
8089 | 8100
8100 | 8103
8103 | 8133
8133 | 8159
8159 | 8182
8182 | 8192
8192 | 8207
8207 | 8219
8219 | 8231
8231 | 8220
8220 | 8211
8211 | 8200
8200 | 8207
8207 | 8219
8219 | 8230
8230 | 8245
8245 | 8250
8250 | 8255
8255 | 8267
8267 | 8298
8298 | 8333
8333 | 8368
8368 | 8400
8400 | 8433
8433 | 8479
8479 | 8509
8509 | 8534
8534 | 8545
8545 | 8556
8556 | 8573
8573 | 8596
8596 | 8619
8619 | 8634
8634 | 8640
8640 | 8646
8646 | 8675
8675 | 8701
8701 | 8758
8758 | 8793
8793 | 8825
8825 | 8812
8812 | 8798
8798 | 8808
8808 | 8833
8833 | 8864
8864 | 8877
8877 | 8891
8891 | 8899
8899 | 8930
8930 | 8967
8967 | 9023
9023 | 9059
9059 | 9121
9121 | 9164
9164 | 9210
9210 | 9243
9243 | 9278
9278 | 9304
9304 | 9311
9311 | 9316
9316 | 9328
9328 | 9344
9344 | 9360
9360 | 9369
9369 | 9378
9378 | 9390
9390 | 9402
9402 | 9409
9409 | 9413
9413 | 9417
9417 | 9435
9435 | 9454
9454 | 9473
9473 | 9479
9479 | 9492
9492 | 9505
9505 | 9520
9520 | 9527
9527 | 9539
9539 | 9555
9555 | 9580
9580 | 9608
9608 | 9626
9626 | 9636
9636 | 9647
9647 | 9676
9676 | 9704
9704 | 9727
9727 | 9749
9749 | 9769
9769 | 9789
9789 | 9795
9795 | 9819
9819 | 9839
9839 | 9878
9878 | 9905
9905 | 9935
9935 | 9950
9950 | 9961
9961 | 9959
9959 | 9958
9958 | 9963
9963 | 9976
9976 | 9983
9983 | 9997
9997 | 10030
10030 | 10069
10069 | 10096
10096 | 10104
10104 | 10111
10111 | 10118
10118 | 10116
10116 | 10114
10114 | 10116
10116 | 10132
10132 | 10157
10157 | 10180
10180 | 10202
10202 | 10211
10211 | 10198
10198 | 10187
10187 | 10177
10177 | 10211
10211 | 10238
10238 | 10273
10273 | 10283
10283 | 10293
10293 | 10306
10306 | 10320
10320 | 10355
10355 | 10380
10380 | 10420
10420 | 10445
10445 | 10463
10463 | 10483
10483 | 10495
10495 | 10511
10511 | 10514
10514 | 10530
10530 | 10516
10516 | 10506
10506 | 10488
10488 | 10498
10498 | 10507
10507 | 10524
10524 | 10549
10549 | 10566
10566 | 10591
10591 | 10630
10630 | 10670
10670 | 10698
10698 | 10706
10706 | 10715
10715 | 10729
10729 | 10745
10745 | 10759
10759 | 10764
10764 | 10751
10751 | 10752
10752 | 10786
10786 | 10843
10843 | 10892
10892 | 10909
10909 | 10925
10925 | 10949
10949 | 10972
10972 | 10989
10989 | 10992
10992 | 11012
11012 | 11051
11051 | 11107
11107 | 11155
11155 | 11187
11187 | 11204
11204 | 11208
11208 | 11196
11196 | 11189
11189 | 11186
11186 | 11203
11203 | 11218
11218 | 11242
11242 | 11260
11260 | 11278
11278 | 11289
11289 | 11306
11306 | 11319
11319 | 11331
11331 | 11351
11351 | 11370
11370 | 11385
11385 | 11386
11386 | 11387
11387 | 11402
11402 | 11400
11400 | 11398
11398 | 11393
11393 | 11425
11425 | 11458
11458 | 11493
11493 | 11508
11508 | 11512
11512 | 11542
11542 | 11561
11561 | 11598
11598 | 11597
11597 | 11620
11620 | 11652
11652 | 11693
11693 | 11720
11720 | 11738
11738 | 11753
11753 | 11777
11777 | 11820
11820 | 11864
11864 | 11903
11903 | 11929
11929 | 11966
11966 | 11982
11982 | 11986
11986 | 11983
11983 | 11997
11997 | 11999
11999 | 11993
11993 | 11994
11994 | 12012
12012 | 12008
12008 | 12003
12003 | 12022
12022 | 12064
12064 | 12108
12108 | 12123
12123 | 12142
12142 | 12156
12156 | 12171
12171 | 12183
12183 | 12194
12194 | 12217
12217 | 12239
12239 | 12263
12263 | 12272
12272 | 12280
12280 | 12291
12291 | 12311
12311 | 12330
12330 | 12349
12349 | 12356
12356 | 12367
12367 | 12363
12363 | 12369
12369 | 12375
12375 | 12397
12397 | 12432
12432 | 12463
12463 | 12486
12486 | 12502
12502 | 12524
12524 | 12554
12554 | 12571
12571 | 12582
12582 | 12589
12589 | 12597
12597 | 12602
12602 | 12603
12603 | 12603
12603 | 12602
12602 | 12624
12624 | 12652
12652 | 12685
12685 | 12695
12695 | 12699
12699 | 12693
12693 | 12693
12693 | 12694
12694 | 12704
12704 | 12708
12708 | 12718
12718 | 12742
12742 | 12773
12773 | 12820
12820 | 12854
12854 | 12859
12859 | 12842
12842 | 12824
12824 | 12821
12821 | 12824
12824 | 12827
12827 | 12850
12850 | 12878
12878 | 12929
12929 | 12973
12973 | 13010
13010 | 13022
13022 | 13034
13034 | 13046
13046 | 13081
13081 | 13110
13110 | 13134
13134 | 13137
13137 | 13143
13143 | 13152
13152 | 13166
13166 | 13177
13177 | 13185
13185 | 13192
13192 | 13202
13202 | 13216
13216 | 13223
13223 | 13223
13223 | 13223
13223 | 13226
13226 | 13233
13233 | 13237
13237 | 13247
13247 | 13260
13260 | 13274
13274 | 13293
13293 | 13292
13292 | 13292
13292 | 13288
13288 | 13303
13303 | 13315
13315 | 13320
13320 | 13325
13325 | 13330
13330 | 13335
13335 | 13338
13338 | 13341
13341 | 13353
13353 | 13366
13366 | 13379
13379 | 13378
13378 | 13385
13385 | 13402
13402 | 13416
13416 | 13433
13433 | 13440
13440 | 13455
13455 | 13461
13461 | 13468
13468 | 13479
13479 | 13490
13490 | 13513
13513 | 13533
13533 | 13550
13550 | 13552
13552 | 13557
13557 | 13562
13562 | 13571
13571 | 13591
13591 | 13611
13611 | 13618
13618 | 13610
13610 | 13604
13604 | 13607
13607 | 13617
13617 | 13627
13627 | 13639
13639 | 13652
13652 | 13664
13664 | 13676
13676 | 13684
13684 | 13692
13692 | 13704
13704 | 13707
13707 | 13710
13710 | 13713
13713 | 13724
13724 | 13734
13734 | 13737
13737 | 13760
13760 | 13773
13773 | 13776
13776 | 13769
13769 | 13777
13777 | 13837
13837 | 13900
13900 | 13958
13958 | 13978
13978 | 13983
13983 | 13984
13984 | 13984
13984 | 13986
13986 | 13994
13994 | 14016
14016 | 14045
14045 | 14087
14087 | 14116
14116 | 14148
14148 | 14168
14168 | 14188
14188 | 14195
14195 | 14203
14203 | 14233
14233 | 14269
14269 | 14298
14298 | 14304
14304 | 14316
14316 | 14332
14332 | 14360
14360 | 14386
14386 | 14412
14412 | 14435
14435 | 14444
14444 | 14456
14456 | 14460
14460 | 14474
14474 | 14486
14486 | 14503
14503 | 14522
14522 | 14540
14540 | 14556
14556 | 14564
14564 | 14568
14568 | 14569
14569 | 14574
14574 | 14584
14584 | 14591
14591 | 14606
14606 | 14629
14629 | 14665
14665 | 14698
14698 | 14738
14738 | 14771
14771 | 14802
14802 | 14816
14816 | 14836
14836 | 14862
14862 | 14862
14862 | 14856
14856 | 14835
14835 | 14842
14842 | 14851
14851 | 14863
14863 | 14888
14888 | 14908
14908 | 14935
14935 | 14945
14945 | 14970
14970 | 15011
15011 | 15054
15054 | 15082
15082 | 15086
15086 | 15090
15090 | 15106
15106 | 15126
15126 | 15146
15146 | 15160
15160 | 15175
15175 | 15202
15202 | 15222
15222 | 15255
15255 | 15276
15276 | 15297
15297 | 15303
15303 | 15313
15313 | 15311
15311 | 15327
15327 | 15364
15364 | 15413
15413 | 15442
15442 | 15440
15440 | 15454
15454 | 15468
15468 | 15488
15488 | 15505
15505 | 15537
15537 | 15567
15567 | 15604
15604 | 15629
15629 | 15659
15659 | 15676
15676 | 15689
15689 | 15700
15700 | 15708
15708 | 15701
15701 | 15696
15696 | 15705
15705 | 15730
15730 | 15746
15746 | 15744
15744 | 15749
15749 | 15768
15768 | 15793
15793 | 15813
15813 | 15826
15826 | 15831
15831 | 15848
15848 | 15866
15866 | 15886
15886 | 15893
15893 | 15890
15890 | 15920
15920 | 15949
15949 | 16020
16020 | 16062
16062 | 16103
16103 | 16110
16110 | 16121
16121 | 16135
16135 | 16149
16149 | 16164
16164 | 16183
16183 | 16203
16203 | 16216
16216 | 16224
16224 | 16234
16234 | 16237
16237 | 16239
16239 | 16238
16238 | 16242
16242 | 16245
16245 | 16248
16248 | 16274
16274 | 16297
16297 | 16323
16323 | 16332
16332 | 16351
16351 | 16367
16367 | 16380
16380 | 16390
16390 | 16398
16398 | 16436
16436 | 16470
16470 | 16515
16515 | 16515
16515 | 16515
16515 | 16517
16517 | 16531
16531 | 16552
16552 | 16563
16563 | 16575
16575 | 16580
16580 | 16600
16600 | 16619
16619 | 16638
16638 | 16648
16648 | 16658
16658 | 16674
16674 | 16708
16708 | 16742
16742 | 16778
16778 | 16801
16801 | 16813
16813 | 16825
16825 | 16834
16834 | 16854
16854 | 16862
16862 | 16870
16870 | 16878
16878 | 16898
16898 | 16904
16904 | 16916
16916 | 16924
16924 | 16922
16922 | 16923
16923 | 16920
16920 | 16937
16937 | 16945
16945 | 16953
16953 | 16957
16957 | 16963
16963 | 16998
16998 | 17032
17032 | 17065
17065 | 17069
17069 | 17078
17078 | 17105
17105 | 17133
17133 | 17170
17170 | 17194
17194 | 17214
17214 | 17218
17218 | 17216
17216 | 17241
17241 | 17268
17268 | 17295
17295 | 17308
17308 | 17322
17322 | 17340
17340 | 17348
17348 | 17366
17366 | 17373
17373 | 17388
17388 | 17407
17407 | 17431
17431 | 17439
17439 | 17433
17433 | 17404
17404 | 17364
17364 | 17338
17338 | 17337
17337 | 17372
17372 | 17394
17394 | 17404
17404 | 17406
17406 | 17409
17409 | 17435
17435 | 17465
17465 | 17516
17516 | 17566
17566 | 17609
17609 | 17628
17628 | 17637
17637 | 17658
17658 | 17680
17680 | 17700
17700 | 17705
17705 | 17709
17709 | 17709
17709 | 17707
17707 | 17675
17675 | 17651
17651 | 17630
17630 | 17639
17639 | 17654
17654 | 17667
17667 | 17681
17681 | 17688
17688 | 17710
17710 | 17731
17731 | 17753
17753 | 17763
17763 | 17781
17781 | 17797
17797 | 17808
17808 | 17811
17811 | 17814
17814 | 17826
17826 | 17867
17867 | 17910
17910 | 17945
17945 | 17963
17963 | 17991
17991 | 18019
18019 | 18037
18037 | 18043
18043 | 18053
18053 | 18062
18062 | 18078
18078 | 18097
18097 | 18111
18111 | 18125
18125 | 18134
18134 | 18158
18158 | 18175
18175 | 18217
18217 | 18248
18248 | 18265
18265 | 18257
18257 | 18257
18257 | 18281
18281 | 18311
18311 | 18335
18335 | 18346
18346 | 18366
18366 | 18371
18371 | 18379
18379 | 18371
18371 | 18376
18376 | 18383
18383 | 18385
18385 | 18388
18388 | 18385
18385 | 18399
18399 | 18413
18413 | 18436
18436 | 18446
18446 | 18455
18455 | 18457
18457 | 18459
18459 | 18466
18466 | 18477
18477 | 18489
18489 | 18485
18485 | 18485
18485 | 18500
18500 | 18542
18542 | 18581
18581 | 18611
18611 | 18625
18625 | 18634
18634 | 18643
18643 | 18647
18647 | 18664
18664 | 18674
18674 | 18691
18691 | 18695
18695 | 18708
18708 | 18736
18736 | 18761
18761 | 18781
18781 | 18785
18785 | 18806
18806 | 18802
18802 | 18811
18811 | 18813
18813 | 18826
18826 | 18814
18814 | 18798
18798 | 18812
18812 | 18830
18830 | 18858
18858 | 18868
18868 | 18885
18885 | 18899
18899 | 18910
18910 | 18925
18925 | 18932
18932 | 18948
18948 | 18960
18960 | 18981
18981 | 18993
18993 | 19013
19013 | 19024
19024 | 19031
19031 | 19025
19025 | 19029
19029 | 19044
19044 | 19065
19065 | 19107
19107 | 19143
19143 | 19180
19180 | 19189
19189 | 19198
19198 | 19200
19200 | 19200
19200 | 19202
19202 | 19218
19218 | 19244
19244 | 19287
19287 | 19322
19322 | 19343
19343 | 19344
19344 | 19348
19348 | 19361
19361 | 19377
19377 | 19390
19390 | 19401
19401 | 19407
19407 | 19412
19412 | 19437
19437 | 19479
19479 | 19521
19521 | 19549
19549 | 19553
19553 | 19559
19559 | 19557
19557 | 19541
19541 | 19532
19532 | 19522
19522 | 19537
19537 | 19562
19562 | 19586
19586 | 19608
19608 | 19619
19619 | 19630
19630 | 19643
19643 | 19653
19653 | 19663
19663 | 19663
19663 | 19656
19656 | 19630
19630 | 19613
19613 | 19596
19596 | 19598
19598 | 19597
19597 | 19606
19606 | 19616
19616 | 19619
19619 | 19623
19623 | 19630
19630 | 19654
19654 | 19692
19692 | 19726
19726 | 19750
19750 | 19752
19752 | 19761
19761 | 19774
19774 | 19789
19789 | 19799
19799 | 19808
19808 | 19822
19822 | 19834
19834 | 19845
19845 | 19849
19849 | 19873
19873 | 19898
19898 | 19932
19932 | 19946
19946 | 19986
19986 | 20030
20030 | 20086
20086 | 20108
20108 | 20118
20118 | 20116
20116 | 20110
20110 | 20099
20099 | 20098
20098 | 20100
20100 | 20109
20109 | 20108
20108 | 20130
20130 | 20149
20149 | 20173
20173 | 20194
20194 | 20215
20215 | 20233
20233 | 20239
20239 | 20245
20245 | 20249
20249 | 20253
20253 | 20250
20250 | 20249
20249 | 20249
20249 | 20257
20257 | 20263
20263 | 20269
20269 | 20274
20274 | 20292
20292 | 20332
20332 | 20372
20372 | 20400
20400 | 20408
20408 | 20391
20391 | 20387
20387 | 20381
20381 | 20421
20421 | 20471
20471 | 20526
20526 | 20561
20561 | 20569
20569 | 20571
20571 | 20571
20571 | 20587
20587 | 20603
20603 | 20619
20619 | 20622
20622 | 20628
20628 | 20638
20638 | 20653
20653 | 20665
20665 | 20670
20670 | 20672
20672 | 20664
20664 | 20659
20659 | 20660
20660 | 20682
20682 | 20695
20695 | 20704
20704 | 20703
20703 | 20715
20715 | 20727
20727 | 20739
20739 | 20735
20735 | 20728
20728 | 20720
20720 | 20725
20725 | 20712
20712 | 20722
20722 | 20731
20731 | 20769
20769 | 20797
20797 | 20800
20800 | 20811
20811 | 20809
20809 | 20830
20830 | 20833
20833 | 20852
20852 | 20881
20881 | 20912
20912 | 20927
20927 | 20937
20937 | 20944
20944 | 20958
20958 | 20977
20977 | 20986
20986 | 21001
21001 | 21001
21001 | 21019
21019 | 21027
21027 | 21043
21043 | 21050
21050 | 21054
21054 | 21058
21058 | 21068
21068 | 21078
21078 | 21114
21114 | 21151
21151 | 21188
21188 | 21196
21196 | 21209
21209 | 21232
21232 | 21257
21257 | 21271
21271 | 21275
21275 | 21279
21279 | 21282
21282 | 21287
21287 | 21293
21293 | 21320
21320 | 21348
21348 | 21378
21378 | 21381
21381 | 21387
21387 | 21388
21388 | 21395
21395 | 21377
21377 | 21361
21361 | 21347
21347 | 21352
21352 | 21369
21369 | 21385
21385 | 21422
21422 | 21451
21451 | 21480
21480 | 21488
21488 | 21492
21492 | 21501
21501 | 21523
21523 | 21547
21547 | 21567
21567 | 21574
21574 | 21576
21576 | 21576
21576 | 21578
21578 | 21590
21590 | 21603
21603 | 21620
21620 | 21631
21631 | 21643
21643 | 21653
21653 | 21662
21662 | 21669
21669 | 21672
21672 | 21676
21676 | 21716
21716 | 21759
21759 | 21821
21821 | 21847
21847 | 21878
21878 | 21889
21889 | 21904
21904 | 21911
21911 | 21918
21918 | 21926
21926 | 21948
21948 | 21959
21959 | 21969
21969 | 21973
21973 | 21990
21990 | 22022
22022 | 22050
22050 | 22099
22099 | 22131
22131 | 22160
22160 | 22171
22171 | 22187
22187 | 22203
22203 | 22235
22235 | 22280
22280 | 22321
22321 | 22342
22342 | 22341
22341 | 22341
22341 | 22353
22353 | 22370
22370 | 22389
22389 | 22398
22398 | 22404
22404 | 22416
22416 | 22427
22427 | 22436
22436 | 22442
22442 | 22450
22450 | 22446
22446 | 22445
22445 | 22431
22431 | 22431
22431 | 22425
22425 | 22437
22437 | 22451
22451 | 22462
22462 | 22466
22466 | 22469
22469 | 22494
22494 | 22519
22519 | 22541
22541 | 22547
22547 | 22558
22558 | 22579
22579 | 22597
22597 | 22606
22606 | 22620
22620 | 22635
22635 | 22652
22652 | 22657
22657 | 22662
22662 | 22651
22651 | 22633
22633 | 22622
22622 | 22631
22631 | 22654
22654 | 22663
22663 | 22668
22668 | 22671
22671 | 22685
22685 | 22696
22696 | 22716
22716 | 22731
22731 | 22749
22749 | 22765
22765 | 22800
22800 | 22835
22835 | 22865
22865 | 22876
22876 | 22890
22890 | 22896
22896 | 22903
22903 | 22905
22905 | 22904
22904 | 22904
22904 | 22904
22904 | 22908
22908 | 22911
22911 | 22906
22906 | 22900
22900 | 22898
22898 | 22917
22917 | 22936
22936 | 22950
22950 | 22962
22962 | 22968
22968 | 22969
22969 | 22962
22962 | 22965
22965 | 22987
22987 | 23014
23014 | 23034
23034 | 23040
23040 | 23055
23055 | 23084
23084 | 23113
23113 | 23136
23136 | 23149
23149 | 23168
23168 | 23178
23178 | 23179
23179 | 23200
23200 | 23225
23225 | 23260
23260 | 23269
23269 | 23275
23275 | 23279
23279 | 23285
23285 | 23287
23287 | 23292
23292 | 23293
23293 | 23297
23297 | 23294
23294 | 23293
23293 | 23294
23294 | 23317
23317 | 23343
23343 | 23373
23373 | 23404
23404 | 23430
23430 | 23456
23456 | 23461
23461 | 23471
23471 | 23491
23491 | 23513
23513 | 23543
23543 | 23557
23557 | 23571
23571 | 23593
23593 | 23616
23616 | 23647
23647 | 23659
23659 | 23670
23670 | 23713
23713 | 23757
23757 | 23815
23815 | 23839
23839 | 23862
23862 | 23871
23871 | 23877
23877 | 23880
23880 | 23883
23883 | 23883
23883 | 23887
23887 | 23894
23894 | 23910
23910 | 23937
23937 | 23966
23966 | 24003
24003 | 24030
24030 | 24052
24052 | 24066
24066 | 24080
24080 | 24087
24087 | 24087
24087 | 24085
24085 | 24092
24092 | 24107
24107 | 24123
24123 | 24134
24134 | 24153
24153 | 24175
24175 | 24201
24201 | 24211
24211 | 24217
24217 | 24224
24224 | 24231
24231 | 24238
24238 | 24244
24244 | 24248
24248 | 24285
24285 | 24318
24318 | 24363
24363 | 24376
24376 | 24398
24398 | 24397
24397 | 24372
24372 | 24354
24354 | 24350
24350 | 24399
24399 | 24437
24437 | 24479
24479 | 24491
24491 | 24501
24501 | 24502
24502 | 24501
24501 | 24492
24492 | 24487
24487 | 24484
24484 | 24491
24491 | 24509
24509 | 24505
24505 | 24513
24513 | 24515
24515 | 24541
24541 | 24550
24550 | 24574
24574 | 24598
24598 | 24627
24627 | 24634
24634 | 24639
24639 | 24664
24664 | 24690
24690 | 24716
24716 | 24722
24722 | 24732
24732 | 24750
24750 | 24766
24766 | 24777
24777 | 24790
24790 | 24806
24806 | 24823
24823 | 24838
24838 | 24858
24858 | 24880
24880 | 24898
24898 | 24908
24908 | 24916
24916 | 24931
24931 | 24918
24918 | 24910
24910 | 24893
24893 | 24921
24921 | 24943
24943 | 24968
24968 | 24984
24984 | 25000
25000 | 25028
25028 | 25063
25063 | 25114
25114 | 25148
25148 | 25171
25171 | 25176
25176 | 25182
25182 | 25174
25174 | 25184
25184 | 25197
25197 | 25220
25220 | 25246
25246 | 25275
25275 | 25321
25321 | 25348
25348 | 25368
25368 | 25394
25394 | 25423
25423 | 25452
25452 | 25458
25458 | 25462
25462 | 25471
25471 | 25493
25493 | 25518
25518 | 25541
25541 | 25586
25586 | 25627
25627 | 25669
25669 | 25676
25676 | 25689
25689 | 25698
25698 | 25712
25712 | 25722
25722 | 25732
25732 | 25737
25737 | 25744
25744 | 25751
25751 | 25758
25758 | 25772
25772 | 25786
25786 | 25809
25809 | 25821
25821 | 25833
25833 | 25862
25862 | 25891
25891 | 25924
25924 | 25933
25933 | 25942
25942 | 25955
25955 | 25973
25973 | 25991
25991 | 26005
26005 | 26013
26013 | 26018
26018 | 26021
26021 | 26024
26024 | 26034
26034 | 26043
26043 | 26052
26052 | 26064
26064 | 26076
26076 | 26087
26087 | 26098
26098 | 26081
26081 | 26064
26064 | 26043
26043 | 26049
26049 | 26055
26055 | 26063
26063 | 26071
26071 | 26079
26079 | 26082
26082 | 26104
26104 | 26130
26130 | 26166
26166 | 26183
26183 | 26198
26198 | 26201
26201 | 26207
26207 | 26228
26228 | 26262
26262 | 26293
26293 | 26310
26310 | 26320
26320 | 26331
26331 | 26321
26321 | 26332
26332 | 26340
26340 | 26377
26377 | 26387
26387 | 26403
26403 | 26413
26413 | 26428
26428 | 26437
26437 | 26444
26444 | 26450
26450 | 26460
26460 | 26470
26470 | 26479
26479 | 26495
26495 | 26508
26508 | 26522
26522 | 26528
26528 | 26534
26534 | 26556
26556 | 26579
26579 | 26607
26607 | 26612
26612 | 26619
26619 | 26621
26621 | 26628
26628 | 26631
26631 | 26659
26659 | 26687
26687 | 26716
26716 | 26720
26720 | 26724
26724 | 26740
26740 | 26757
26757 | 26779
26779 | 26788
26788 | 26799
26799 | 26798
26798 | 26802
26802 | 26803
26803 | 26827
26827 | 26877
26877 | 26934
26934 | 26991
26991 | 27021
27021 | 27048
27048 | 27064
27064 | 27083
27083 | 27110
27110 | 27140
27140 | 27176
27176 | 27200
27200 | 27219
27219 | 27238
27238 | 27261
27261 | 27281
27281 | 27306
27306 | 27328
27328 | 27368
27368 | 27391
27391 | 27409
27409 | 27416
27416 | 27423
27423 | 27434
27434 | 27438
27438 | 27442
27442 | 27443
27443 | 27444
27444 | 27447
27447 | 27453
27453 | 27471
27471 | 27494
27494 | 27523
27523 | 27542
27542 | 27553
27553 | 27561
27561 | 27567
27567 | 27564
27564 | 27532
27532 | 27502
27502 | 27486
27486 | 27496
27496 | 27504
27504 | 27514
27514 | 27524
27524 | 27540
27540 | 27551
27551 | 27563
27563 | 27575
27575 | 27587
27587 | 27601
27601 | 27609
27609 | 27615
27615 | 27618
27618 | 27637
27637 | 27656
27656 | 27684
27684 | 27714
27714 | 27747
27747 | 27771
27771 | 27783
27783 | 27807
27807 | 27831
27831 | 27849
27849 | 27853
27853 | 27855
27855 | 27855
27855 | 27850
27850 | 27849
27849 | 27850
27850 | 27855
27855 | 27859
27859 | 27867
27867 | 27875
27875 | 27897
27897 | 27925
27925 | 27987
27987 | 28015
28015 | 28041
28041 | 28055
28055 | 28097
28097 | 28120
28120 | 28121
28121 | 28113
28113 | 28114
28114 | 28117
28117 | 28120
28120 | 28131
28131 | 28143
28143 | 28159
28159 | 28170
28170 | 28178
28178 | 28182
28182 | 28185
28185 | 28194
28194 | 28203
28203 | 28216
28216 | 28221
28221 | 28229
28229 | 28233
28233 | 28236
28236 | 28244
28244 | 28261
28261 | 28285
28285 | 28313
28313 | 28333
28333 | 28349
28349 | 28356
28356 | 28350
28350 | 28344
28344 | 28359
28359 | 28387
28387 | 28421
28421 | 28439
28439 | 28456
28456 | 28459
28459 | 28459
28459 | 28466
28466 | 28486
28486 | 28501
28501 | 28511
28511 | 28517
28517 | 28538
28538 | 28551
28551 | 28567
28567 | 28571
28571 | 28581
28581 | 28588
28588 | 28592
28592 | 28601
28601 | 28618
28618 | 28634
1738
